#N canvas 297 22 1017 947 12;
#X obj 100 145 t f f;
#X obj 100 250 tabwrite array1;
#X obj 100 225 expr 1-($f1*$f1);
#X text 33 453 0;
#X obj 100 173 / 128;
#X obj 100 199 - 1;
#N canvas 0 22 450 300 (subpatch) 0;
#X array array1 256 float 1;
#A 0 0 0.015564 0.0310059 0.0463257 0.0615234 0.0765991 0.0915527 0.106384
0.121094 0.135681 0.150146 0.16449 0.178711 0.19281 0.206787 0.220642
0.234375 0.247986 0.261475 0.274841 0.288086 0.301208 0.314209 0.327087
0.339844 0.352478 0.36499 0.37738 0.389648 0.401794 0.413818 0.42572
0.4375 0.449158 0.460693 0.472107 0.483398 0.494568 0.505615 0.516541
0.527344 0.538025 0.548584 0.559021 0.569336 0.579529 0.5896 0.599548
0.609375 0.61908 0.628662 0.638123 0.647461 0.656677 0.665771 0.674744
0.683594 0.692322 0.700928 0.709412 0.717773 0.726013 0.734131 0.742126
0.75 0.757751 0.765381 0.772888 0.780273 0.787537 0.794678 0.801697
0.808594 0.815369 0.822021 0.828552 0.834961 0.841248 0.847412 0.853455
0.859375 0.865173 0.87085 0.876404 0.881836 0.887146 0.892334 0.8974
0.902344 0.907166 0.911865 0.916443 0.920898 0.925232 0.929443 0.933533
0.9375 0.941345 0.945068 0.948669 0.952148 0.955505 0.95874 0.961853
0.964844 0.967712 0.970459 0.973083 0.975586 0.977966 0.980225 0.982361
0.984375 0.986267 0.988037 0.989685 0.991211 0.992615 0.993896 0.995056
0.996094 0.997009 0.997803 0.998474 0.999023 0.999451 0.999756 0.999939
1 0.999939 0.999756 0.999451 0.999023 0.998474 0.997803 0.997009 0.996094
0.995056 0.993896 0.992615 0.991211 0.989685 0.988037 0.986267 0.984375
0.982361 0.980225 0.977966 0.975586 0.973083 0.970459 0.967712 0.964844
0.961853 0.95874 0.955505 0.952148 0.948669 0.945068 0.941345 0.9375
0.933533 0.929443 0.925232 0.920898 0.916443 0.911865 0.907166 0.902344
0.8974 0.892334 0.887146 0.881836 0.876404 0.87085 0.865173 0.859375
0.853455 0.847412 0.841248 0.834961 0.828552 0.822021 0.815369 0.808594
0.801697 0.794678 0.787537 0.780273 0.772888 0.765381 0.757751 0.75
0.742126 0.734131 0.726013 0.717773 0.709412 0.700928 0.692322 0.683594
0.674744 0.665771 0.656677 0.647461 0.638123 0.628662 0.61908 0.609375
0.599548 0.5896 0.579529 0.569336 0.559021 0.548584 0.538025 0.527344
0.516541 0.505615 0.494568 0.483398 0.472107 0.460693 0.449158 0.4375
0.42572 0.413818 0.401794 0.389648 0.37738 0.36499 0.352478 0.339844
0.327087 0.314209 0.301208 0.288086 0.274841 0.261475 0.247986 0.234375
0.220642 0.206787 0.19281 0.178711 0.16449 0.150146 0.135681 0.121094
0.106384 0.0915527 0.0765991 0.0615234 0.0463257 0.0310059 0;
#X coords 0 1 255 0 200 140 1;
#X restore 35 311 graph;
#X text 221 454 256;
#X text 16 444 0;
#X text 18 303 1;
#X text 173 137 Welch;
#X text 275 456 0;
#N canvas 0 22 450 300 (subpatch) 0;
#X array array2 256 float 1;
#A 0 0 0.0078125 0.015625 0.0234375 0.03125 0.0390625 0.046875 0.0546875
0.0625 0.0703125 0.078125 0.0859375 0.09375 0.101562 0.109375 0.117188
0.125 0.132812 0.140625 0.148438 0.15625 0.164062 0.171875 0.179688
0.1875 0.195312 0.203125 0.210938 0.21875 0.226562 0.234375 0.242188
0.25 0.257812 0.265625 0.273438 0.28125 0.289062 0.296875 0.304688
0.3125 0.320312 0.328125 0.335938 0.34375 0.351562 0.359375 0.367188
0.375 0.382812 0.390625 0.398438 0.40625 0.414062 0.421875 0.429688
0.4375 0.445312 0.453125 0.460938 0.46875 0.476562 0.484375 0.492188
0.5 0.507812 0.515625 0.523438 0.53125 0.539062 0.546875 0.554688 0.5625
0.570312 0.578125 0.585938 0.59375 0.601562 0.609375 0.617188 0.625
0.632812 0.640625 0.648438 0.65625 0.664062 0.671875 0.679688 0.6875
0.695312 0.703125 0.710938 0.71875 0.726562 0.734375 0.742188 0.75
0.757812 0.765625 0.773438 0.78125 0.789062 0.796875 0.804688 0.8125
0.820312 0.828125 0.835938 0.84375 0.851562 0.859375 0.867188 0.875
0.882812 0.890625 0.898438 0.90625 0.914062 0.921875 0.929688 0.9375
0.945312 0.953125 0.960938 0.96875 0.976562 0.984375 0.992188 1 0.992188
0.984375 0.976562 0.96875 0.960938 0.953125 0.945312 0.9375 0.929688
0.921875 0.914062 0.90625 0.898438 0.890625 0.882812 0.875 0.867188
0.859375 0.851562 0.84375 0.835938 0.828125 0.820312 0.8125 0.804688
0.796875 0.789062 0.78125 0.773438 0.765625 0.757812 0.75 0.742188
0.734375 0.726562 0.71875 0.710938 0.703125 0.695312 0.6875 0.679688
0.671875 0.664062 0.65625 0.648438 0.640625 0.632812 0.625 0.617188
0.609375 0.601562 0.59375 0.585938 0.578125 0.570312 0.5625 0.554688
0.546875 0.539062 0.53125 0.523438 0.515625 0.507812 0.5 0.492188 0.484375
0.476562 0.46875 0.460938 0.453125 0.445312 0.4375 0.429688 0.421875
0.414062 0.40625 0.398438 0.390625 0.382812 0.375 0.367188 0.359375
0.351562 0.34375 0.335938 0.328125 0.320312 0.3125 0.304688 0.296875
0.289062 0.28125 0.273438 0.265625 0.257812 0.25 0.242188 0.234375
0.226562 0.21875 0.210938 0.203125 0.195312 0.1875 0.179688 0.171875
0.164062 0.15625 0.148438 0.140625 0.132812 0.125 0.117188 0.109375
0.101562 0.09375 0.0859375 0.078125 0.0703125 0.0625 0.0546875 0.046875
0.0390625 0.03125 0.0234375 0.015625 0;
#X coords 0 1 255 0 200 140 1;
#X restore 277 314 graph;
#X text 463 457 256;
#X text 258 447 0;
#X text 260 306 1;
#X obj 338 154 t f f;
#X obj 338 182 / 128;
#X obj 338 208 - 1;
#X text 406 159 Bartlett;
#X obj 338 259 tabwrite array2;
#X obj 338 234 expr 1-abs($f1);
#X text 516 460 0;
#N canvas 0 22 450 300 (subpatch) 0;
#X array array3 256 float 1;
#A 0 0 0.000150591 0.000602245 0.00135475 0.00240761 0.00376022 0.00541171
0.00736117 0.00960734 0.0121489 0.0149844 0.018112 0.0215298 0.0252359
0.029228 0.0335036 0.0380602 0.0428951 0.0480053 0.0533879 0.0590394
0.0649565 0.0711357 0.0775732 0.0842652 0.0912076 0.0983962 0.105827
0.113495 0.121396 0.129524 0.137876 0.146447 0.15523 0.16422 0.173414
0.182803 0.192384 0.20215 0.212096 0.222215 0.232501 0.242949 0.253551
0.264302 0.275194 0.286222 0.297379 0.308658 0.320052 0.331555 0.343159
0.354858 0.366644 0.37851 0.390449 0.402455 0.414519 0.426635 0.438795
0.450991 0.463218 0.475466 0.487729 0.5 0.512271 0.524534 0.536782
0.549009 0.561205 0.573365 0.585481 0.597545 0.609551 0.62149 0.633356
0.645142 0.656841 0.668445 0.679947 0.691342 0.702621 0.713778 0.724806
0.735698 0.746449 0.757051 0.767499 0.777785 0.787904 0.79785 0.807616
0.817197 0.826586 0.835779 0.84477 0.853553 0.862124 0.870476 0.878604
0.886505 0.894173 0.901604 0.908792 0.915735 0.922427 0.928864 0.935043
0.940961 0.946612 0.951995 0.957105 0.96194 0.966496 0.970772 0.974764
0.97847 0.981888 0.985016 0.987851 0.990393 0.992639 0.994588 0.99624
0.997592 0.998645 0.999398 0.999849 1 0.999849 0.999398 0.998645 0.997592
0.99624 0.994588 0.992639 0.990393 0.987851 0.985016 0.981888 0.97847
0.974764 0.970772 0.966496 0.96194 0.957105 0.951995 0.946612 0.940961
0.935043 0.928864 0.922427 0.915735 0.908792 0.901604 0.894173 0.886505
0.878604 0.870476 0.862124 0.853553 0.84477 0.835779 0.826586 0.817197
0.807616 0.79785 0.787904 0.777785 0.767499 0.757051 0.746449 0.735698
0.724806 0.713778 0.702621 0.691342 0.679947 0.668445 0.656841 0.645142
0.633356 0.62149 0.609551 0.597545 0.585481 0.573365 0.561205 0.549009
0.536782 0.524534 0.512271 0.5 0.487729 0.475466 0.463218 0.450991
0.438795 0.426635 0.414519 0.402455 0.390449 0.37851 0.366644 0.354858
0.343159 0.331555 0.320052 0.308658 0.297379 0.286222 0.275194 0.264302
0.253551 0.242949 0.232501 0.222215 0.212096 0.20215 0.192384 0.182803
0.173414 0.16422 0.15523 0.146447 0.137876 0.129524 0.121396 0.113495
0.105827 0.0983962 0.0912076 0.0842652 0.0775732 0.0711357 0.0649565
0.0590394 0.0533879 0.0480053 0.0428951 0.0380602 0.0335036 0.029228
0.0252359 0.0215298 0.018112 0.0149844 0.0121489 0.00960734 0.00736117
0.00541171 0.00376022 0.00240761 0.00135475 0.000602245 0;
#X coords 0 1 255 0 200 140 1;
#X restore 518 318 graph;
#X text 704 461 256;
#X text 499 451 0;
#X text 501 310 1;
#X obj 568 97 t f f;
#X text 636 128 Hanning;
#X obj 568 261 tabwrite array3;
#X obj 568 235 expr 0.5+0.5*cos($f1);
#X obj 568 125 / 128;
#X obj 568 151 - 1;
#X obj 568 209 *;
#X obj 568 174 t f b;
#X text 765 392 www.pd-tutorial.com;
#X obj 100 117 until;
#X msg 100 91 256;
#X obj 338 127 until;
#X msg 338 101 256;
#X obj 567 70 until;
#X msg 567 44 256;
#X text 42 897 256;
#X text 101 900 0;
#N canvas 0 22 450 300 (subpatch) 0;
#X array array4 256 float 1;
#A 0 0.0658528 0.0729957 0.0805542 0.0812465 0.0822152 0.0834596 0.084979
0.0867725 0.088839 0.0911773 0.0937859 0.0966633 0.0998078 0.103217
0.10689 0.110824 0.115016 0.119464 0.124165 0.129117 0.134317 0.13976
0.145445 0.151368 0.157525 0.163912 0.170525 0.177361 0.184416 0.191685
0.199163 0.206847 0.214732 0.222812 0.231084 0.239541 0.24818 0.256994
0.265979 0.275129 0.284438 0.293902 0.303513 0.313268 0.323158 0.333179
0.343325 0.35359 0.363966 0.374449 0.385031 0.395707 0.40647 0.417313
0.42823 0.439214 0.450259 0.461358 0.472505 0.483692 0.494913 0.506161
0.51743 0.528712 0.540001 0.55129 0.562572 0.57384 0.585088 0.596309
0.607497 0.618643 0.629742 0.640787 0.651771 0.662688 0.673531 0.684294
0.69497 0.705552 0.716035 0.726411 0.736676 0.746822 0.756843 0.766734
0.776488 0.786099 0.795563 0.804872 0.814022 0.823007 0.831821 0.84046
0.848917 0.857189 0.865269 0.873154 0.880838 0.888316 0.895585 0.90264
0.909476 0.916089 0.922476 0.928633 0.934555 0.94024 0.945684 0.950883
0.955835 0.960537 0.964985 0.969177 0.97311 0.976783 0.980193 0.983337
0.986214 0.988823 0.991161 0.993228 0.995021 0.996541 0.997785 0.998754
0.999446 0.999861 1 0.999861 0.999446 0.998754 0.997785 0.996541 0.995021
0.993228 0.991161 0.988823 0.986214 0.983337 0.980193 0.976783 0.97311
0.969177 0.964985 0.960537 0.955835 0.950883 0.945684 0.94024 0.934555
0.928633 0.922476 0.916089 0.909476 0.90264 0.895585 0.888316 0.880838
0.873154 0.865269 0.857189 0.848917 0.84046 0.831821 0.823007 0.814022
0.804872 0.795563 0.786099 0.776488 0.766734 0.756843 0.746822 0.736676
0.726411 0.716035 0.705552 0.69497 0.684294 0.673531 0.662688 0.651771
0.640787 0.629742 0.618643 0.607497 0.596309 0.585088 0.57384 0.562572
0.55129 0.540001 0.528712 0.51743 0.506161 0.494913 0.483692 0.472505
0.461358 0.450259 0.439214 0.42823 0.417313 0.40647 0.395707 0.385031
0.374449 0.363966 0.35359 0.343325 0.333179 0.323158 0.313268 0.303513
0.293902 0.284438 0.275129 0.265979 0.256994 0.24818 0.239541 0.231084
0.222812 0.214732 0.206847 0.199163 0.191685 0.184416 0.177361 0.170525
0.163912 0.157525 0.151368 0.145445 0.13976 0.134317 0.129117 0.124165
0.119464 0.115016 0.110824 0.10689 0.103217 0.0998078 0.0966633 0.0937859
0.0911773 0.088839 0.0867725 0.084979 0.0834596 0.0822152 0.0812465
0.0805542 0.08;
#X coords 0 1 255 0 200 140 1;
#X restore 103 758 graph;
#X text 289 901 256;
#X text 84 891 0;
#X text 86 750 1;
#X obj 112 548 t f f;
#X obj 112 576 / 128;
#X obj 112 602 - 1;
#X obj 112 660 *;
#X obj 111 630 t f b;
#X text 191 595 Hamming;
#X obj 112 712 tabwrite array4;
#X obj 112 686 expr 0.54+0.46*cos($f1);
#X text 360 904 0;
#N canvas 0 22 450 300 (subpatch) 0;
#X array array5 256 float 1;
#A 0 0 5.42402e-05 0.000217043 0.000488892 0.000870451 0.00136273 0.00196696
0.00268472 0.00351772 0.00446808 0.00553809 0.00673028 0.0080474 0.00949252
0.0110688 0.0127797 0.0146288 0.0166198 0.0187568 0.0210438 0.023485
0.0260847 0.0288475 0.0317776 0.0348799 0.0381588 0.041619 0.0452652
0.049102 0.053134 0.0573658 0.0618019 0.0664466 0.0713043 0.0763791
0.0816752 0.0871961 0.0929458 0.0989276 0.105145 0.1116 0.118297 0.125237
0.132423 0.139856 0.147538 0.155471 0.163655 0.17209 0.180776 0.189714
0.198903 0.20834 0.218025 0.227956 0.23813 0.248545 0.259196 0.27008
0.281192 0.292529 0.304084 0.315851 0.327826 0.34 0.352367 0.364919
0.377648 0.390546 0.403603 0.41681 0.430157 0.443635 0.457231 0.470936
0.484738 0.498625 0.512584 0.526604 0.540671 0.554773 0.568896 0.583026
0.59715 0.611253 0.625321 0.63934 0.653294 0.66717 0.680953 0.694627
0.708177 0.721589 0.734848 0.747938 0.760845 0.773553 0.786049 0.798317
0.810343 0.822112 0.833612 0.844827 0.855744 0.86635 0.876631 0.886576
0.896172 0.905406 0.914268 0.922746 0.93083 0.938508 0.945773 0.952613
0.959021 0.964988 0.970506 0.975569 0.98017 0.984303 0.987962 0.991144
0.993842 0.996055 0.997779 0.999012 0.999753 1 0.999753 0.999012 0.997779
0.996055 0.993842 0.991144 0.987962 0.984303 0.98017 0.975569 0.970506
0.964988 0.959021 0.952613 0.945773 0.938508 0.93083 0.922746 0.914268
0.905406 0.896172 0.886576 0.876631 0.86635 0.855744 0.844827 0.833612
0.822112 0.810343 0.798317 0.786049 0.773553 0.760845 0.747938 0.734848
0.721589 0.708177 0.694627 0.680953 0.66717 0.653294 0.63934 0.625321
0.611253 0.59715 0.583026 0.568896 0.554773 0.540671 0.526604 0.512584
0.498625 0.484738 0.470936 0.457231 0.443635 0.430157 0.41681 0.403603
0.390546 0.377648 0.364919 0.352367 0.34 0.327826 0.315851 0.304084
0.292529 0.281192 0.27008 0.259196 0.248545 0.23813 0.227956 0.218025
0.20834 0.198903 0.189714 0.180776 0.17209 0.163655 0.155471 0.147538
0.139856 0.132423 0.125237 0.118297 0.1116 0.105145 0.0989276 0.0929458
0.0871961 0.0816752 0.0763791 0.0713043 0.0664466 0.0618019 0.0573658
0.053134 0.049102 0.0452652 0.041619 0.0381588 0.0348799 0.0317776
0.0288475 0.0260847 0.023485 0.0210438 0.0187568 0.0166198 0.0146288
0.0127797 0.0110688 0.00949252 0.0080474 0.00673028 0.00553809 0.00446808
0.00351772 0.00268472 0.00196696 0.00136273 0.000870451 0.000488892
0.000217043 1.49012e-08;
#X coords 0 1 255 0 200 140 1;
#X restore 362 762 graph;
#X text 548 905 256;
#X text 343 895 0;
#X text 345 754 1;
#X obj 348 547 t f f;
#X obj 348 575 / 128;
#X obj 348 601 - 1;
#X obj 348 659 *;
#X obj 348 624 t f b;
#X text 448 590 Blackman;
#X obj 348 711 tabwrite array5;
#X obj 348 685 expr 0.42+0.5*cos($f1)+0.08*cos(2*$f1);
#X obj 664 579 t f f;
#X text 636 903 0;
#N canvas 0 22 450 300 (subpatch) 0;
#X array array6 256 float 1;
#A 0 0 0 0 0 0 0 0 0 0 0 0 0 0 0 0 0 0 0 0 0 0 0 0 0 0 0 0 0 0 0 0
0 0 0 0 0 0 0 0 0 0 0 0 0 0 0 0 0 0 0 0 0 0 0 0 0 0 0 0 0 0 0 0 0 0
0 0 0 0 0 0 0 0 0 0 0 0 0 0 0 0 0 0 0 0 0 0 0 0 0 0 0 0 0 5.60519e-45
2.07532e-42 6.3815e-40 1.64566e-37 3.55797e-35 6.44929e-33 9.80097e-31
1.24874e-28 1.33391e-26 1.1946e-24 8.96952e-23 5.64627e-21 2.9799e-19
1.31853e-17 4.89129e-16 1.52126e-14 3.96673e-13 8.67178e-12 1.58939e-10
2.44231e-09 3.14642e-08 3.39845e-07 3.07746e-06 2.33642e-05 0.000148715
0.000793612 0.00355065 0.0133185 0.041884 0.11043 0.244105 0.452389
0.702901 0.915637 1 0.915637 0.702901 0.452389 0.244105 0.11043 0.041884
0.0133185 0.00355065 0.000793612 0.000148715 2.33642e-05 3.07746e-06
3.39845e-07 3.14642e-08 2.44231e-09 1.58939e-10 8.67178e-12 3.96673e-13
1.52126e-14 4.89129e-16 1.31853e-17 2.9799e-19 5.64627e-21 8.96952e-23
1.1946e-24 1.33391e-26 1.24874e-28 9.80097e-31 6.44929e-33 3.55797e-35
1.64566e-37 6.3815e-40 2.07532e-42 5.60519e-45 0 0 0 0 0 0 0 0 0 0
0 0 0 0 0 0 0 0 0 0 0 0 0 0 0 0 0 0 0 0 0 0 0 0 0 0 0 0 0 0 0 0 0 0
0 0 0 0 0 0 0 0 0 0 0 0 0 0 0 0 0 0 0 0 0 0 0 0 0 0 0 0 0 0 0 0 0 0
0 0 0 0 0 0 0 0 0 0 0 0 0 0 0;
#X coords 0 1 255 0 200 140 1;
#X restore 638 761 graph;
#X text 824 903 256;
#X text 619 894 0;
#X text 621 753 1;
#X text 741 574 Gaussian;
#X obj 664 687 tabwrite array6;
#X obj 664 607 / 128;
#X obj 664 633 - 1;
#X obj 664 659 expr exp(-1*(pow(($f2*$f1) \, 2)));
#X floatatom 917 630 5 0 0 0 - - -, f 5;
#X text 905 605 variabel;
#X text 76 41 Envelope Types;
#X obj 112 518 until;
#X msg 112 492 256;
#X obj 349 518 until;
#X msg 349 492 256;
#X obj 663 551 until;
#X msg 663 525 256;
#N canvas 1013 176 254 252 pi 0;
#X obj 46 66 inlet;
#X obj 92 195 outlet;
#X obj 92 108 bang;
#X obj 132 66 loadbang;
#X text 25 27 bang to get the value of pi;
#X msg 92 130 1;
#X obj 92 152 atan;
#X obj 92 174 * 4;
#X connect 0 0 2 0;
#X connect 2 0 5 0;
#X connect 3 0 2 0;
#X connect 5 0 6 0;
#X connect 6 0 7 0;
#X connect 7 0 1 0;
#X restore 600 207 pd pi;
#N canvas 1013 176 254 252 pi 0;
#X obj 46 66 inlet;
#X obj 92 195 outlet;
#X obj 92 108 bang;
#X obj 132 66 loadbang;
#X text 25 27 bang to get the value of pi;
#X msg 92 130 1;
#X obj 92 152 atan;
#X obj 92 174 * 4;
#X connect 0 0 2 0;
#X connect 2 0 5 0;
#X connect 3 0 2 0;
#X connect 5 0 6 0;
#X connect 6 0 7 0;
#X connect 7 0 1 0;
#X restore 146 660 pd pi;
#N canvas 1013 176 254 252 pi 0;
#X obj 46 66 inlet;
#X obj 92 195 outlet;
#X obj 92 108 bang;
#X obj 132 66 loadbang;
#X text 25 27 bang to get the value of pi;
#X msg 92 130 1;
#X obj 92 152 atan;
#X obj 92 174 * 4;
#X connect 0 0 2 0;
#X connect 2 0 5 0;
#X connect 3 0 2 0;
#X connect 5 0 6 0;
#X connect 6 0 7 0;
#X connect 7 0 1 0;
#X restore 383 658 pd pi;
#X text 769 368 (c) Johannes Kreidler;
#N canvas 0 22 522 441 envelope 0;
#X text 59 36 Formulas for Envelope Constrction;
#X text 56 125 hamming: 0.54+0.46*(cos(pi*x));
#X text 55 95 hanning: 0.5*(1+cos(pi*x));
#X text 55 156 blackman: 0.42+(0.5*cos(pi*x))+0.8*cos(2*pi*x);
#X text 56 186 connes: (1-x^2)^2;
#X text 55 214 cosine: cos(pi*x/2);
#X text 55 245 bartlett (triangle): 1-x^2;
#X text 53 274 welch: 1 - abs(x);
#X text 50 307 lanczos (sinc): sin(pi*x)/(pi*x);
#X text 50 337 gaussian: 2^(-(x/d)^2);
#X text 51 370 kaiser: Io(a*sqrt(1-x^2))/Io(a) \, where Io is 0th order
modified Bessel function;
#X restore 225 41 pd envelope formulas;
#X connect 0 0 4 0;
#X connect 0 1 1 1;
#X connect 2 0 1 0;
#X connect 4 0 5 0;
#X connect 5 0 2 0;
#X connect 16 0 17 0;
#X connect 16 1 20 1;
#X connect 17 0 18 0;
#X connect 18 0 21 0;
#X connect 21 0 20 0;
#X connect 27 0 31 0;
#X connect 27 1 29 1;
#X connect 30 0 29 0;
#X connect 31 0 32 0;
#X connect 32 0 34 0;
#X connect 33 0 30 0;
#X connect 34 0 33 0;
#X connect 34 1 89 0;
#X connect 36 0 0 0;
#X connect 37 0 36 0;
#X connect 38 0 16 0;
#X connect 39 0 38 0;
#X connect 40 0 27 0;
#X connect 41 0 40 0;
#X connect 48 0 49 0;
#X connect 48 1 54 1;
#X connect 49 0 50 0;
#X connect 50 0 52 0;
#X connect 51 0 55 0;
#X connect 52 0 51 0;
#X connect 52 1 90 0;
#X connect 55 0 54 0;
#X connect 61 0 62 0;
#X connect 61 1 67 1;
#X connect 62 0 63 0;
#X connect 63 0 65 0;
#X connect 64 0 68 0;
#X connect 65 0 64 0;
#X connect 65 1 91 0;
#X connect 68 0 67 0;
#X connect 69 0 77 0;
#X connect 69 1 76 1;
#X connect 77 0 78 0;
#X connect 78 0 79 0;
#X connect 79 0 76 0;
#X connect 80 0 79 1;
#X connect 83 0 48 0;
#X connect 84 0 83 0;
#X connect 85 0 61 0;
#X connect 86 0 85 0;
#X connect 87 0 69 0;
#X connect 88 0 87 0;
#X connect 89 0 33 1;
#X connect 90 0 51 1;
#X connect 91 0 64 1;
